% !Mode:: "TeX:UTF-8"


\chapter{Attractor 算法}
\section{Attractor 算法伪代码标示}
\label{attractor:code}

\renewcommand{\baselinestretch}{0.9} 

\begin{algorithm}[!tb]
\caption{Attractor}
\begin{algorithmic}[1]
\footnotesize{

\STATE \textbf{Input:} $G = (V,E,W)$, $\lambda$ \\[1ex]
\STATE // Initialization of distances
    \FOR{each edge $e =\{u,v\} \in E$}
        \STATE compute the initial distance $d_e^{0}$ using Eq. (\ref{eq:wjaccard});
        \FOR{each node $x \in EN(u)$}
            \STATE compute the distance $d_{ux}^{0}$ using Eq. (\ref{eq:wjaccard});
        \ENDFOR
        \FOR{each node $y \in EN(v)$}
            \STATE compute the distance $d_{vy}^{0}$ using Eq. (\ref{eq:wjaccard});
        \ENDFOR
    \ENDFOR\\[1ex]
\STATE // Dynamic Interaction
\STATE Flag = TRUE;
\WHILE{Flag}
        \STATE Flag = FALSE;
        \FOR{each edge $e =\{u,v\} \in E$}
            \IF{$0<d_e^t<1$}
                \STATE Compute $DI_e^t$, $CI_e^t$, $EI_e^t$  using Eq.  (\ref{eq:pattern1}), (\ref{eq:pattern2}),  (\ref{eq:pattern3});
                \STATE $\Delta d_e^t = DI_e^t + CI_e^t +EI_e^t$;
                \IF{$\Delta d_e^t\neq0$}
                    \STATE // compute the renewable distance over time
                    \STATE $d_e^{t+1}$ =$d_e^t$ + $\Delta d_e^t$;
                    \IF{$d_e^{t+1}>1$}
                        \STATE $d_e^{t+1}$ = 1;
                    \ENDIF
                    \IF{$d_e^{t+1}<0$}
                        \STATE $d_e^{t+1}$ = 0;
                    \ENDIF
                    \STATE Flag = TRUE;
                \ENDIF
            \ENDIF
        \ENDFOR
 \ENDWHILE\\[1ex]

 \STATE //Find communities
         \FOR{each edge $e =\{u,v\} \in E$}
            \IF{$d_e^{t+1} =1$}
                   \STATE remove the edge $e$ from the network;
            \ENDIF
         \ENDFOR
          \STATE find the resulting components (communities) $C$;\\[1ex]
\STATE \textbf{Output:} $C$;

}
\end{algorithmic}
\end{algorithm}

% \section{Attractor 程序代码 (C语言)}

%%%%%%%%%%%%%%%%%%%%%%%%%%%%%%%%%%%%%%%%%%%%%%%%
%%%%% Similarity %%%%%%%%%%%%%%%%%%%%%%%%%%%%%%%
%%%%%%%%%%%%%%%%%%%%%%%%%%%%%%%%%%%%%%%%%%%%%%%%


\chapter{轨迹相似度度量}

\section{出租车轨迹相似度完整结果}
\label{Similarity:Result}

% \subsection{出租车空间相似距离}
\begin{table}[htbp]
\footnotesize
\setlength{\tabcolsep}{3pt}
\caption{Matrix of distances between node weight distribution}
\label{Table:SpaceDistance}
\centering
\begin{tabular}{c|cccccccccccccccccccccccc}
\hline
& 1 & 2 & 3 & 4 & 5 & 6 & 7 & 8 & 9 & 10 & 11 & 12 & 13 & 14 & 15 & 16 & 17 & 18 & 19 & 20 & 21 & 22 & 23 & 24 \\
\hline
1 & 0.0 & 1.6 & 1.4 & 2.5 & 1.9 & 1.8 & 1.4 & 1.8 & 1.4 & 2.2 & 1.6 & 3.3 & 2.8 & 2.5 & 0.9 & 2.7 & 1.5 & 1.7 & 2.1 & 2.2 & 1.5 & 1.2 & 0.6 & 4.1 \\
2 & 1.6 & 0.0 & 0.5 & 1.2 & 1.3 & 0.6 & 0.6 & 0.8 & 0.9 & 1.2 & 0.6 & 1.7 & 2.3 & 1.4 & 0.5 & 1.2 & 1.2 & 1.8 & 0.9 & 1.2 & 1.1 & 14 & 1.0 & 4.3 \\
3 & 1.4 & 0.5 & 0.0 & 1.0 & 1.1 & 0.4 & 0.4 & 0.5 & 0.7 & 0.8 & 0.3 & 1.3 & 1.7 & 1.1 & 0.2 & 1.2 & 0.9 & 1.6 & 0.7 & 0.8 & 0.9 & 11 & 0.7 & 4.2 \\
4 & 2.5 & 1.2 & 1.0 & 0.0 & 1.7 & 1.3 & 1.0 & 1.0 & 1.2 & 1.8 & 1.0 & 1.9 & 2.3 & 1.9 & 1.1 & 2.0 & 1.7 & 2.7 & 1.5 & 1.3 & 1.4 & 2.1 & 0.2 & 4.8 \\
5 & 1.9 & 1.3 & 1.1 & 1.7 & 0.0 & 1.3 & 1.0 & 1.1 & 0.8 & 2.1 & 1.4 & 2.8 & 1.7 & 1.6 & 1.0 & 2.3 & 1.5 & 2.3 & 1.7 & 1.7 & 1.0 & 18 & 1.1 & 4.9 \\
6 & 1.8 & 0.6 & 0.4 & 1.3 & 1.3 & 0.0 & 0.6 & 0.9 & 1.1 & 1.1 & 0.6 & 1.7 & 2.2 & 1.7 & 0.5 & 1.2 & 1.2 & 2.0 & 0.9 & 1.2 & 1.2 & 16 & 1.1 & 4.2 \\
7 & 1.4 & 0.6 & 0.4 & 1.0 & 1.0 & 0.6 & 0.0 & 0.6 & 0.8 & 1.0 & 0.5 & 1.5 & 2.0 & 1.4 & 0.4 & 1.3 & 1.0 & 1.9 & 0.9 & 1.0 & 0.9 & 13 & 0.9 & 3.2 \\
8 & 1.8 & 0.8 & 0.5 & 1.0 & 1.1 & 0.9 & 0.6 & 0.0 & 0.8 & 1.2 & 0.5 & 1.6 & 1.8 & 1.0 & 0.6 & 1.6 & 1.1 & 1.8 & 1.2 & 1.1 & 0.9 & 1.4 & 0.8 & 4.2 \\
9 & 1.4 & 0.9 & 0.7 & 1.2 & 0.8 & 1.1 & 0.8 & 0.8 & 0.0 & 1.5 & 0.8 & 2.0 & 1.4 & 1.2 & 0.6 & 2.0 & 1.1 & 2.1 & 1.5 & 1.0 & 0.7 & 12 & 0.6 & 3.7 \\
10 & 2.2 & 1.2 & 0.8 & 1.8 & 2.1 & 1.1 & 1.0 & 1.2 & 1.5 & 0.0 & 0.9 & 1.8 & 3.0 & 2.3 & 0.7 & 1.7 & 1.6 & 2.5 & 1.5 & 1.5 & 1.9 & 18 & 1.3 & 4.2 \\
11 & 1.6 & 0.6 & 0.3 & 1.0 & 1.4 & 0.6 & 0.5 & 0.5 & 0.8 & 0.9 & 0.0 & 1.4 & 2.1 & 1.3 & 0.4 & 1.3 & 1.1 & 1.8 & 1.0 & 1.0 & 1.1 & 13 & 0.8 & 4.2 \\
12 & 3.3 & 1.7 & 1.3 & 1.9 & 2.8 & 1.7 & 1.5 & 1.6 & 2.0 & 1.8 & 1.4 & 0.0 & 3.1 & 2.6 & 1.5 & 2.2 & 2.3 & 3.3 & 1.7 & 1.7 & 2.4 & 28 & 1.8 & 5.5 \\
13 & 2.8 & 2.3 & 1.7 & 2.3 & 1.7 & 2.2 & 2.0 & 1.8 & 1.4 & 3.0 & 2.1 & 3.1 & 0.0 & 2.7 & 1.9 & 3.1 & 2.4 & 3.3 & 2.4 & 1.8 & 1.9 & 25 & 1.9 & 6.0 \\
14 & 2.5 & 1.4 & 1.1 & 1.9 & 1.6 & 1.7 & 1.4 & 1.0 & 1.2 & 2.3 & 1.3 & 2.6 & 2.7 & 0.0 & 1.0 & 2.2 & 1.5 & 2.7 & 1.9 & 1.8 & 1.2 & 20 & 1.4 & 5.2 \\
15 & 0.9 & 0.5 & 0.2 & 1.1 & 1.0 & 0.5 & 0.4 & 0.6 & 0.6 & 0.7 & 0.4 & 1.5 & 1.9 & 1.0 & 0.0 & 1.2 & 0.8 & 1.4 & 0.9 & 1.0 & 0.8 & 8 & 0.7 & 3.8 \\
16 & 2.7 & 1.2 & 1.2 & 2.0 & 2.3 & 1.2 & 1.3 & 1.6 & 2.0 & 1.7 & 1.3 & 2.2 & 3.1 & 2.2 & 1.2 & 0.0 & 2.0 & 2.6 & 1.5 & 1.9 & 2.2 & 24 & 1.9 & 4.5 \\
17 & 1.5 & 1.2 & 0.9 & 1.7 & 1.5 & 1.2 & 1.0 & 1.1 & 1.1 & 1.6 & 1.1 & 2.3 & 2.4 & 1.5 & 0.8 & 2.0 & 0.0 & 1.8 & 1.5 & 1.6 & 1.2 & 1.2 & 0.2 & 4.6 \\
18 & 1.7 & 1.8 & 1.6 & 2.7 & 2.3 & 2.0 & 1.9 & 1.8 & 2.1 & 2.5 & 1.8 & 3.3 & 3.3 & 2.7 & 1.4 & 2.6 & 1.8 & 0.0 & 2.1 & 2.5 & 1.8 & 9 & 1.7 & 4.5 \\
19 & 2.1 & 0.9 & 0.7 & 1.5 & 1.7 & 0.9 & 0.9 & 1.2 & 1.5 & 1.5 & 1.0 & 1.7 & 2.4 & 1.9 & 0.9 & 1.5 & 1.5 & 2.1 & 0.0 & 1.4 & 1.6 & 1.8 & 0.4 & 4.2 \\
20 & 2.2 & 1.2 & 0.8 & 1.3 & 1.7 & 1.2 & 1.0 & 1.1 & 1.0 & 1.5 & 1.0 & 1.7 & 1.8 & 1.8 & 1.0 & 1.9 & 1.6 & 2.5 & 1.4 & 0.0 & 1.3 & 2.0 & 0.2 & 4.7 \\
21 & 1.5 & 1.1 & 0.9 & 1.4 & 1.0 & 1.2 & 0.9 & 0.9 & 0.7 & 1.9 & 1.1 & 2.4 & 1.9 & 1.2 & 0.8 & 2.2 & 1.2 & 1.8 & 1.6 & 1.3 & 0.0 & 13 & 0.9 & 4.5 \\
22 & 1.2 & 1.4 & 1.1 & 2.1 & 1.8 & 1.6 & 1.3 & 1.4 & 1.2 & 1.8 & 1.3 & 2.8 & 2.5 & 2.0 & 0.8 & 2.4 & 1.2 & 0.9 & 1.8 & 2.0 & 1.3 & 0 & 1.2 & 4.6 \\
23 & 1.6 & 1.0 & 0.7 & 1.2 & 1.1 & 1.1 & 0.9 & 0.8 & 0.6 & 1.3 & 0.8 & 1.8 & 1.9 & 1.4 & 0.7 & 1.9 & 1.2 & 1.7 & 1.4 & 1.2 & 0.9 & 1.2 & 0.0 & 4.4 \\
24 & 4.1 & 4.3 & 4.2 & 4.8 & 4.9 & 4.2 & 3.2 & 4.2 & 3.7 & 4.2 & 4.2 & 5.5 & 6.0 & 5.2 & 3.8 & 4.5 & 4.6 & 4.5 & 4.2 & 4.7 & 4.5 & 4.6 & 0.4 & 0.0 \\
\hline
\end{tabular}
\end{table}



% \subsection{出租车时间相似距离}
\begin{table}[htbp]
\footnotesize
\setlength{\tabcolsep}{2pt}
\caption{Matrix of distances between visited time distribution}
\label{Table:TimeDistance}
\centering
\begin{tabular}{c|cccccccccccccccccccccccc}
\hline
& 1 & 2 & 3 & 4 & 5 & 6 & 7 & 8 & 9 & 10 & 11 & 12 & 13 & 14 & 15 & 16 & 17 & 18 & 19 & 20 & 21 & 22 & 23 & 24 \\
\hline
1 & 0.0 & 7.3 & 7.8 & 7.9 & 8.4 & 7.6 & 8.4 & 7.7 & 7.9 & 8.4 & 7.7 & 8.3 & 7.8 & 8.4 & 6.4 & 8.9 & 7.6 & 8.5 & 8.6 & 8.4 & 6.8 & 6.9 & 8.1 & 9.4 \\
2 & 7.3 & 0.0 & 5.7 & 7.8 & 7.4 & 5.6 & 6.7 & 7.6 & 6.8 & 7.5 & 6.3 & 7.3 & 7.9 & 7.3 & 5.7 & 7.3 & 7.3 & 7.1 & 7.9 & 7.1 & 6.3 & 7.3 & 6.3 & 9.3 \\
3 & 7.8 & 5.7 & 0.0 & 6.8 & 8.0 & 6.1 & 7.1 & 7.4 & 7.0 & 6.6 & 6.0 & 7.0 & 8.1 & 7.5 & 7.4 & 6.4 & 6.8 & 7.6 & 7.4 & 7.5 & 7.5 & 6.5 & 6.3 & 9.0 \\
4 & 7.9 & 7.8 & 6.8 & 0.0 & 8.0 & 8.2 & 7.7 & 7.7 & 6.8 & 7.3 & 6.9 & 7.5 & 8.7 & 8.0 & 7.5 & 8.0 & 7.7 & 9.1 & 7.2 & 7.7 & 8.1 & 6.8 & 7.6 & 9.7 \\
5 & 8.4 & 7.4 & 8.0 & 8.0 & 0.0 & 7.3 & 8.0 & 7.9 & 6.0 & 8.4 & 8.1 & 8.9 & 7.6 & 8.0 & 7.2 & 7.9 & 7.7 & 9.0 & 8.0 & 7.3 & 7.0 & 8.3 & 8.2 & 9.2 \\
6 & 7.6 & 5.6 & 6.1 & 8.2 & 7.3 & 0.0 & 6.6 & 7.2 & 7.4 & 7.9 & 7.0 & 7.8 & 8.8 & 7.3 & 6.4 & 7.5 & 7.6 & 6.3 & 7.0 & 8.0 & 7.1 & 7.6 & 6.8 & 9.8 \\
7 & 8.4 & 6.7 & 7.1 & 7.7 & 8.0 & 6.6 & 0.0 & 7.8 & 7.6 & 8.3 & 7.5 & 7.3 & 8.9 & 8.0 & 6.3 & 8.4 & 7.8 & 7.6 & 7.7 & 7.8 & 8.3 & 7.2 & 8.0 & 9.0 \\
8 & 7.7 & 7.6 & 7.4 & 7.7 & 7.9 & 7.2 & 7.8 & 0.0 & 7.5 & 8.4 & 7.5 & 8.9 & 8.5 & 8.3 & 7.7 & 7.9 & 8.5 & 8.4 & 7.5 & 8.2 & 7.5 & 7.5 & 8.0 & 9.1 \\
9 & 7.9 & 6.8 & 7.0 & 6.8 & 6.0 & 7.4 & 7.6 & 7.5 & 0.0 & 8.5 & 7.9 & 8.0 & 7.8 & 7.7 & 6.5 & 8.4 & 7.4 & 8.6 & 8.4 & 7.9 & 6.8 & 6.9 & 7.4 & 9.4 \\
10 & 8.4 & 7.5 & 6.6 & 7.3 & 8.4 & 7.9 & 8.3 & 8.4 & 8.5 & 0.0 & 7.4 & 8.5 & 8.3 & 8.7 & 8.4 & 8.0 & 8.7 & 8.5 & 7.9 & 8.0 & 8.9 & 7.8 & 8.0 & 8.6 \\
11 & 7.7 & 6.3 & 6.0 & 6.9 & 8.1 & 7.0 & 7.5 & 7.5 & 7.9 & 7.4 & 0.0 & 7.6 & 7.9 & 6.8 & 7.0 & 7.5 & 7.4 & 7.9 & 7.0 & 7.2 & 7.4 & 7.3 & 6.9 & 8.8 \\
12 & 8.3 & 7.3 & 7.0 & 7.5 & 8.9 & 7.8 & 7.3 & 8.9 & 8.0 & 8.5 & 7.6 & 0.0 & 9.2 & 7.9 & 7.8 & 8.5 & 8.9 & 9.2 & 7.2 & 7.5 & 8.2 & 8.5 & 8.2 & 9.7 \\
13 & 7.8 & 7.9 & 8.1 & 8.7 & 7.6 & 8.8 & 8.9 & 8.5 & 7.8 & 8.3 & 7.9 & 9.2 & 0.0 & 8.3 & 8.7 & 8.9 & 8.8 & 9.4 & 9.2 & 8.3 & 8.9 & 8.6 & 8.1 & 9.6 \\
14 & 8.4 & 7.3 & 7.5 & 8.0 & 8.0 & 7.3 & 8.0 & 8.3 & 7.7 & 8.7 & 6.8 & 7.9 & 8.3 & 0.0 & 7.0 & 8.7 & 7.7 & 8.2 & 7.3 & 8.0 & 7.6 & 7.4 & 7.2 & 9.7 \\
15 & 6.4 & 5.7 & 7.4 & 7.5 & 7.2 & 6.4 & 6.3 & 7.7 & 6.5 & 8.4 & 7.0 & 7.8 & 8.7 & 7.0 & 0.0 & 7.2 & 6.0 & 6.9 & 6.6 & 7.3 & 5.9 & 6.7 & 6.5 & 8.8 \\
16 & 8.9 & 7.3 & 6.4 & 8.0 & 7.9 & 7.5 & 8.4 & 7.9 & 8.4 & 8.0 & 7.5 & 8.5 & 8.9 & 8.7 & 7.2 & 0.0 & 8.0 & 7.5 & 8.3 & 7.9 & 7.4 & 8.3 & 8.1 & 8.4 \\
17 & 7.6 & 7.3 & 6.8 & 7.7 & 7.7 & 7.6 & 7.8 & 8.5 & 7.4 & 8.7 & 7.4 & 8.9 & 8.8 & 7.7 & 6.0 & 8.0 & 0.0 & 8.9 & 8.3 & 7.8 & 7.1 & 6.9 & 7.7 & 9.3 \\
18 & 8.5 & 7.1 & 7.6 & 9.1 & 9.0 & 6.3 & 7.6 & 8.4 & 8.6 & 8.5 & 7.9 & 9.2 & 9.4 & 8.2 & 6.9 & 7.5 & 8.9 & 0.0 & 8.8 & 9.7 & 9.1 & 8.0 & 8.2 & 9.7 \\
19 & 8.6 & 7.9 & 7.4 & 7.2 & 8.0 & 7.0 & 7.7 & 7.5 & 8.4 & 7.9 & 7.0 & 7.2 & 9.2 & 7.3 & 6.6 & 8.3 & 8.3 & 8.8 & 0.0 & 7.3 & 7.3 & 7.7 & 8.0 & 8.1 \\
20 & 8.4 & 7.1 & 7.5 & 7.7 & 7.3 & 8.0 & 7.8 & 8.2 & 7.9 & 8.0 & 7.2 & 7.5 & 8.3 & 8.0 & 7.3 & 7.9 & 7.8 & 9.7 & 7.3 & 0.0 & 8.1 & 7.6 & 7.1 & 9.5 \\
21 & 6.8 & 6.3 & 7.5 & 8.1 & 7.0 & 7.1 & 8.3 & 7.5 & 6.8 & 8.9 & 7.4 & 8.2 & 8.9 & 7.6 & 5.9 & 7.4 & 7.1 & 9.1 & 7.3 & 8.1 & 0.0 & 7.3 & 6.9 & 8.7 \\
22 & 6.9 & 7.3 & 6.5 & 6.8 & 8.3 & 7.6 & 7.2 & 7.5 & 6.9 & 7.8 & 7.3 & 8.5 & 8.6 & 7.4 & 6.7 & 8.3 & 6.9 & 8.0 & 7.7 & 7.6 & 7.3 & 0.0 & 7.2 & 8.8 \\
23 & 8.1 & 6.3 & 6.3 & 7.6 & 8.2 & 6.8 & 8.0 & 8.0 & 7.4 & 8.0 & 6.9 & 8.2 & 8.1 & 7.2 & 6.5 & 8.1 & 7.7 & 8.2 & 8.0 & 7.1 & 6.9 & 7.2 & 0.0 & 9.4 \\
24 & 9.4 & 9.3 & 9.0 & 9.7 & 9.2 & 9.8 & 9.0 & 9.1 & 9.4 & 8.6 & 8.8 & 9.7 & 9.6 & 9.7 & 8.8 & 8.4 & 9.3 & 9.7 & 8.1 & 9.5 & 8.7 & 8.8 & 9.4 & 0.0 \\
\hline
\end{tabular}
\end{table}



% \subsection{出租车相似距离}
\centering
\begin{table}[htbp]
\footnotesize
\setlength{\tabcolsep}{1.2pt}
\caption{Matrix of distances between taxi trajectories}
\label{Table:TotalDistance}
\begin{tabular}{c|cccccccccccccccccccccccc}
\hline
& 1 & 2 & 3 & 4 & 5 & 6 & 7 & 8 & 9 & 10 & 11 & 12 & 13 & 14 & 15 & 16 & 17 & 18 & 19 & 20 & 21 & 22 & 23 & 24 \\
\hline
1 & 0.0 & 11.6 & 11.1 & 19.4 & 16.4 & 13.9 & 11.7 & 14.0 & 10.9 & 18.6 & 12.6 & 27.6 & 21.9 & 21.3 & 6.1 & 24.1 & 11.5 & 14.5 & 18.5 & 18.5 & 10.4 & 7.9 & 12.6 & 38.8 \\
2 & 11.6 & 0.0 & 2.9 & 9.7 & 9.6 & 3.4 & 3.8 & 6.1 & 6.4 & 8.7 & 3.9 & 12.3 & 18.0 & 10.2 & 2.6 & 9.1 & 8.4 & 12.8 & 7.3 & 8.1 & 6.8 & 10.3 & 6.1 & 40.1 \\
3 & 11.1 & 2.9 & 0.0 & 6.6 & 8.9 & 2.7 & 2.8 & 3.6 & 5.2 & 5.4 & 2.0 & 8.8 & 14.0 & 8.5 & 1.8 & 7.5 & 6.4 & 11.8 & 5.4 & 6.1 & 6.5 & 7.1 & 4.4 & 37.6 \\
4 & 19.4 & 9.7 & 6.6 & 0.0 & 13.9 & 10.5 & 7.7 & 7.8 & 8.4 & 13.1 & 7.0 & 13.9 & 19.9 & 14.9 & 8.1 & 15.6 & 13.1 & 24.6 & 10.7 & 10.3 & 11.4 & 14.3 & 9.3 & 46.9 \\
5 & 16.4 & 9.6 & 8.9 & 13.9 & 0.0 & 9.4 & 8.3 & 8.5 & 4.7 & 17.5 & 11.1 & 24.7 & 12.8 & 12.6 & 7.3 & 18.2 & 11.4 & 20.5 & 14.0 & 12.4 & 6.7 & 14.6 & 9.3 & 45.5 \\
6 & 13.9 & 3.4 & 2.7 & 10.5 & 9.4 & 0.0 & 3.9 & 6.5 & 8.4 & 8.9 & 4.5 & 13.4 & 19.7 & 12.2 & 3.3 & 9.3 & 9.4 & 12.6 & 6.1 & 9.5 & 8.4 & 12.4 & 7.7 & 41.2 \\
7 & 11.7 & 3.8 & 2.8 & 7.7 & 8.3 & 3.9 & 0.0 & 4.6 & 6.0 & 8.6 & 3.4 & 11.1 & 18.1 & 11.1 & 2.3 & 11.1 & 7.4 & 14.2 & 6.8 & 8.1 & 7.8 & 9.5 & 7.0 & 29.3 \\
8 & 14.0 & 6.1 & 3.6 & 7.8 & 8.5 & 6.5 & 4.6 & 0.0 & 5.9 & 10.0 & 4.0 & 14.3 & 15.4 & 8.4 & 4.8 & 12.6 & 9.3 & 15.1 & 8.9 & 9.2 & 6.6 & 10.4 & 6.5 & 38.6 \\
9 & 10.9 & 6.4 & 5.2 & 8.4 & 4.7 & 8.4 & 6.0 & 5.9 & 0.0 & 12.5 & 6.6 & 16.1 & 11.3 & 9.5 & 3.6 & 16.8 & 7.9 & 18.0 & 12.6 & 7.5 & 4.7 & 8.4 & 4.6 & 34.9 \\
10 & 18.6 & 8.7 & 5.4 & 13.1 & 17.5 & 8.9 & 8.6 & 10.0 & 12.5 & 0.0 & 6.7 & 15.6 & 25.2 & 20.2 & 5.6 & 13.2 & 13.8 & 21.2 & 12.2 & 12.0 & 16.7 & 13.9 & 10.8 & 36.5 \\
11 & 12.6 & 3.9 & 2.0 & 7.0 & 11.1 & 4.5 & 3.4 & 4.0 & 6.6 & 6.7 & 0.0 & 11.0 & 16.6 & 8.6 & 2.7 & 9.6 & 8.1 & 14.0 & 7.0 & 7.0 & 8.5 & 9.5 & 5.8 & 37.1 \\
12 & 27.6 & 12.3 & 8.8 & 13.9 & 24.7 & 13.4 & 11.1 & 14.3 & 16.1 & 15.6 & 11.0 & 0.0 & 28.2 & 20.4 & 11.8 & 18.6 & 20.2 & 30.6 & 12.3 & 12.8 & 20.0 & 23.6 & 14.9 & 52.9 \\
13 & 21.9 & 18.0 & 14.0 & 19.9 & 12.8 & 19.7 & 18.1 & 15.4 & 11.3 & 25.2 & 16.6 & 28.2 & 0.0 & 22.8 & 16.9 & 27.9 & 21.2 & 30.8 & 21.9 & 15.4 & 16.6 & 21.5 & 15.0 & 57.4 \\
14 & 21.3 & 10.2 & 8.5 & 14.9 & 12.6 & 12.2 & 11.1 & 8.4 & 9.5 & 20.2 & 8.6 & 20.4 & 22.8 & 0.0 & 7.3 & 19.2 & 11.4 & 21.8 & 14.1 & 14.3 & 9.3 & 14.8 & 9.9 & 50.6 \\
15 & 6.1 & 2.6 & 1.8 & 8.1 & 7.3 & 3.3 & 2.3 & 4.8 & 3.6 & 5.6 & 2.7 & 11.8 & 16.9 & 7.3 & 0.0 & 8.7 & 4.8 & 9.5 & 5.8 & 7.1 & 5.1 & 5.1 & 4.5 & 33.4 \\
16 & 24.1 & 9.1 & 7.5 & 15.6 & 18.2 & 9.3 & 11.1 & 12.6 & 16.8 & 13.2 & 9.6 & 18.6 & 27.9 & 19.2 & 8.7 & 0.0 & 15.7 & 19.4 & 12.8 & 15.3 & 15.9 & 19.9 & 15.1 & 38.1 \\
17 & 11.5 & 8.4 & 6.4 & 13.1 & 11.4 & 9.4 & 7.4 & 9.3 & 7.9 & 13.8 & 8.1 & 20.2 & 21.2 & 11.4 & 4.8 & 15.7 & 0.0 & 15.7 & 12.7 & 12.7 & 8.5 & 8.5 & 9.4 & 42.4 \\
18 & 14.5 & 12.8 & 11.8 & 24.6 & 20.5 & 12.6 & 14.2 & 15.1 & 18.0 & 21.2 & 14.0 & 30.6 & 30.8 & 21.8 & 9.5 & 19.4 & 15.7 & 0.0 & 18.6 & 24.4 & 16.0 & 7.2 & 13.7 & 43.1 \\
19 & 18.5 & 7.3 & 5.4 & 10.7 & 14.0 & 6.1 & 6.8 & 8.9 & 12.6 & 12.2 & 7.0 & 12.3 & 21.9 & 14.1 & 5.8 & 12.8 & 12.7 & 18.6 & 0.0 & 10.0 & 11.4 & 13.6 & 11.5 & 34.3 \\
20 & 18.5 & 8.1 & 6.1 & 10.3 & 12.4 & 9.5 & 8.1 & 9.2 & 7.5 & 12.0 & 7.0 & 12.8 & 15.4 & 14.3 & 7.1 & 15.3 & 12.7 & 24.4 & 10.0 & 0.0 & 10.9 & 14.9 & 8.8 & 44.0 \\
21 & 10.4 & 6.8 & 6.5 & 11.4 & 6.7 & 8.4 & 7.8 & 6.6 & 4.7 & 16.7 & 8.5 & 20.0 & 16.6 & 9.3 & 5.1 & 15.9 & 8.5 & 16.0 & 11.4 & 10.9 & 0.0 & 9.4 & 5.9 & 39.0 \\
22 & 7.9 & 10.3 & 7.1 & 14.3 & 14.6 & 12.4 & 9.5 & 10.4 & 8.4 & 13.9 & 9.5 & 23.6 & 21.5 & 14.8 & 5.1 & 19.9 & 8.5 & 7.2 & 13.6 & 14.9 & 9.4 & 0.0 & 8.9 & 40.8 \\
23 & 12.6 & 6.1 & 4.4 & 9.3 & 9.3 & 7.7 & 7.0 & 6.5 & 4.6 & 10.8 & 5.8 & 14.9 & 15.0 & 9.9 & 4.5 & 15.1 & 9.4 & 13.7 & 11.5 & 8.8 & 5.9 & 8.9 & 0.0 & 40.9 \\
24 & 38.8 & 40.1 & 37.6 & 46.9 & 45.5 & 41.2 & 29.3 & 38.6 & 34.9 & 36.5 & 37.1 & 52.9 & 57.4 & 50.6 & 33.4 & 38.1 & 42.4 & 43.1 & 34.3 & 44.0 & 39.0 & 40.8 & 40.9 & 0.0 \\
\hline
\end{tabular}
\end{table}

